TOP_LEFT_LAT=51.414388
BOTTOM_RIGHT_LAT=47.274535
TOP_LEFT_LONG=0.302029
BOTTOM_RIGHT_LONG=8.991570
CACHE_MAX_AGE=180000