TOP_LEFT_LAT=51.414388
BOTTOM_RIGHT_LAT=45.471689
TOP_LEFT_LONG=0.302029
BOTTOM_RIGHT_LONG=9.163142
CACHE_MAX_AGE=180000
